   4.1202053e+00   2.6571308e+00
   4.5712476e+00   2.9678157e+00
   1.4669144e+00   1.9450811e+00
   4.4127960e+00   5.3312159e+00
   3.4942871e+00  -4.5981555e+00
   7.9028666e-01   2.9111273e+00
   1.6251904e+00   2.5945837e+00
   1.5168790e+00  -3.5297987e+00
   3.0130381e+00   3.5810968e+00
   4.7595683e+00   3.8596783e+00
   1.1832273e+00   2.3502012e+00
   3.3427987e+00   4.8998223e+00
   3.3960815e+00   3.6998890e+00
   8.7511005e-01   3.9594005e+00
   4.1769468e+00   5.0293657e+00
  -2.9767544e-02   3.2502512e+00
   2.4789585e+00   2.6842280e+00
   3.6924965e+00   3.6549340e+00
   3.8681796e+00   5.0128019e+00
   4.5953577e+00   4.6293346e+00
   1.9797356e+00  -5.3268142e+00
   1.9492218e+00   2.9297895e+00
   5.0468328e+00   3.7869849e+00
   3.8020414e+00   3.1343027e+00
   2.5530050e+00  -4.1876770e+00
   4.3276782e+00   2.9568917e+00
   3.7616985e+00   3.7299312e+00
   1.3070619e+00   2.2397633e+00
   3.1096586e+00  -4.4544599e+00
   1.1351749e+00   1.3096389e+00
   4.2295969e+00   3.5618586e+00
   1.5152463e+00   1.3484464e+00
   1.2614063e+00   3.1921019e+00
   5.8514229e-02   3.8816961e-01
   8.3766233e-01   1.9755381e+00
   4.4399979e+00   3.5913257e+00
   4.1287365e+00  -6.0516323e+00
   8.5394537e-01   5.1152823e-02
   3.3831341e+00   4.9835452e+00
   4.6798862e-01   3.0204980e+00
   1.3918431e-01   3.4286227e+00
   2.6821036e+00   2.8617163e+00
   4.2748368e+00   3.7023029e+00
   4.6011020e+00   5.1436789e+00
   1.2427065e-01   2.0011621e+00
   1.7846685e+00   1.9640152e+00
   1.3086231e+00   4.8778655e+00
   2.7100370e+00  -4.6025330e+00
   4.0923080e+00   3.4683799e+00
   5.7298414e+00   4.9725657e+00
   5.1618495e-01   1.9291628e+00
   4.2615507e+00  -5.7518947e+00
   3.4754248e+00  -3.4837331e+00
   2.8799545e-01  -4.8628392e-01
  -1.7421233e-01   2.5811723e+00
   7.6613996e-01   3.9407044e+00
   3.3914426e+00   3.4777495e+00
   8.0776048e-01  -1.9243492e-01
   4.1741168e+00  -5.0325665e+00
   7.2592977e-01  -3.1928031e-01
   3.2629402e+00   4.1765778e+00
   2.5300725e+00   2.0799337e+00
   3.1269471e+00  -3.3640003e+00
   2.3431841e+00  -5.4250585e+00
   2.2501207e+00   4.9707378e+00
   4.9104826e+00   3.5860277e+00
   1.5186009e+00  -4.4105666e+00
   7.5097526e-01   1.0515190e+00
  -6.4213413e-02   2.4114906e+00
   2.6034573e+00   2.6769778e+00
   4.8670826e+00   3.5617295e+00
   2.2346791e+00   2.8577325e+00
   3.9201072e+00   6.0033906e+00
   7.7037355e-01   1.3088409e+00
   4.8984760e+00   4.9509935e+00
  -5.0615970e-01   2.4493776e+00
   5.5537218e-01   2.1006334e+00
   8.4405896e-01   2.8260700e+00
   3.1554890e+00  -5.0627912e+00
  -5.6972746e-02   3.7873458e+00
   1.2760683e+00   2.5361571e+00
   4.1837034e+00   3.5679962e+00
   3.8185514e+00  -7.0219589e+00
   2.7074119e+00  -5.9821315e+00
   4.2907901e+00   4.6489407e+00
   7.3883635e-01   2.8978884e+00
   4.1129447e+00   3.6399237e+00
   4.4399522e+00   4.7058850e+00
   1.4434219e+00   1.8680621e+00
   2.4592136e+00  -4.3874887e+00
   1.3918942e+00   1.8527985e+00
  -2.5067891e-01   3.0077734e+00
   2.6913582e+00  -5.0548861e+00
   4.1016624e+00   5.4158491e+00
   6.7873352e+00   2.3954843e+00
   5.2039078e-02  -1.2365546e-01
   1.9034067e+00  -6.1187320e+00
   7.1585905e-01   2.1241257e+00
   2.5889391e-01   1.4954136e+00
   4.9218245e-01   7.2940555e-01
   6.7942449e-01   1.6174152e+00
   2.8333350e+00   5.0288531e+00
   1.0124690e+00   2.6486793e+00
   2.5069902e+00  -5.6263785e+00
  -2.0291773e+00   2.8257271e+00
   2.8192606e+00  -4.7504823e+00
   5.4298536e-01   9.8505636e-01
   3.0458411e+00  -5.9930190e+00
   2.9362169e+00  -4.0250498e+00
   2.1457009e+00   5.4579678e+00
   9.1330972e-01   3.3199491e+00
   2.2424484e+00   1.5289301e+00
  -6.6701399e-02   2.1370249e+00
   2.8593189e+00   4.0474713e+00
   1.9337282e+00   1.7081366e+00
   2.9066565e+00   5.7462567e+00
   3.6113352e+00  -5.6407095e+00
   3.5663907e+00   4.1553875e+00
   1.3503210e+00   2.3018186e+00
  -4.6939507e-01   2.4417057e+00
   9.7099424e-01   2.3999309e+00
   3.8315301e+00   2.7628803e+00
   1.1824522e+00   1.0700384e+00
   3.7814664e+00   1.8065057e+00
   4.5413344e+00   3.6665929e+00
   4.3892662e+00   4.7135433e+00
  -5.6505601e-01   1.8231697e+00
   9.1546052e-01  -1.3209460e-01
   2.6039464e+00   3.1453617e+00
   4.7512290e+00   4.3174077e+00
   1.1921822e+00   2.6885706e+00
   5.7782559e+00   4.4136104e+00
   1.0983478e+00   1.3709092e+00
   1.0413736e+00   7.9615003e-01
   2.6583089e-01   1.7460553e+00
   9.6918627e-01   5.7135314e-01
   5.2230626e+00   3.4229144e+00
   3.1093177e+00  -3.1911374e+00
   4.8140155e+00  -6.0798663e+00
   1.2323470e+00   1.9791424e+00
   2.7167439e+00   4.1440018e+00
   3.3120238e+00  -4.8008106e+00
   1.4263876e+00   1.4393350e+00
   4.8044938e+00  -6.5210266e+00
   1.7770672e-01   2.4299901e+00
   6.2719126e-01   4.1777787e+00
   7.6354542e-01   3.1384654e+00
   3.0236909e+00  -4.9688650e-01
  -1.2583540e+00   2.4413269e+00
   3.2294457e+00   6.0186212e-01
   9.0575941e-01   1.9742664e+00
   1.3375637e+00   1.7449448e+00
   1.6710455e+00   2.3613343e+00
   4.9019315e+00   3.2399100e+00
   1.3362133e+00   2.0912544e+00
   9.5345941e-02   2.7901027e+00
   2.0000608e+00   2.1644041e+00
   2.1643613e+00   3.1812069e+00
  -6.6416447e-01   2.7477340e+00
   4.0996544e-01   1.7269531e+00
   4.0667569e+00   4.5197289e+00
   7.2193584e-01   3.5763001e+00
   1.4227157e+00   1.5190628e+00
   7.1174364e-01   1.3011359e+00
  -6.7020070e-01   2.3275121e+00
   1.4716343e+00   2.6647341e+00
   4.0354795e+00   3.9858399e+00
   6.2271681e+00   2.8444706e+00
   2.2768785e+00  -5.7236311e+00
  -2.1284720e-01   2.0851886e+00
   1.0661900e+00   2.8809528e+00
   1.6523559e+00   2.3232131e+00
   3.9307857e+00   3.9904751e+00
   1.3270600e+00   1.2158538e+00
   2.0826335e+00   1.9462665e-01
   2.0060771e+00   3.8585929e+00
   3.5265470e+00  -5.5932503e+00
   3.4926769e+00   3.3101895e+00
   2.7397491e+00  -4.5986637e+00
   1.3500628e+00   3.6076006e+00
   3.6001425e+00  -4.0578667e+00
   3.4909226e-01   1.3954699e+00
   4.2358097e+00   3.3333008e+00
   1.2570562e+00   2.1033597e+00
   3.5939308e+00  -4.6995140e+00
   5.5622194e-02   2.5631670e+00
  -3.2178852e-01   2.1135970e+00
   8.1397839e-01  -5.3730707e+00
   4.2458049e+00   4.8641494e+00
   1.9248259e+00   1.0952738e+00
   4.0700452e+00   4.1134194e+00
   3.3914195e+00   4.3983628e+00
  -8.3585914e-01   2.8822017e+00
   2.0359759e+00   3.6991603e+00
   3.4244611e+00   3.2696486e+00
   1.0000498e+00   1.5322854e+00
   1.6729569e+00  -4.1845115e+00
   1.5589864e+00  -4.2011130e+00
   2.7774066e+00   4.8839699e+00
   4.3165004e+00   4.1802577e+00
