   8.9152506e-01   8.4335724e+00
   5.4555731e+00   9.7999179e+00
   2.4618833e+00   7.1896532e+00
   4.1733659e+00   8.0150005e+00
   3.0568482e+00   5.8829677e+00
   4.5257134e+00   1.0362930e+01
   2.9602039e+00   7.2054671e+00
   4.8486448e+00   6.9512807e+00
   5.2806145e+00   1.1426260e+01
   6.9650766e+00   9.0191609e+00
   3.6637682e+00   6.6175696e+00
   2.9626003e-01   5.5425415e+00
   2.5457896e+00   5.5248501e+00
   6.3462262e+00   6.8639094e+00
   2.1429726e+00   1.2278968e+01
   5.6644209e+00   1.2245106e+01
   4.2148606e+00   8.7414303e+00
   6.4884315e+00   6.6525999e+00
   6.0362157e-01   4.5176027e+00
   3.6575766e+00   7.4648539e+00
   1.9079503e+00   8.5855211e+00
   9.0368177e+00   7.7724114e+00
   5.4293211e+00   3.9115163e+00
   6.3884495e+00   6.2068342e+00
   2.1671780e+00   7.7711392e+00
   3.1883340e+00   8.4009631e+00
   3.5280691e+00   8.6951955e+00
   5.9025272e+00   8.6826749e+00
   3.5187117e+00   8.1380406e+00
   5.2151054e+00   7.6259381e+00
   4.4614992e-01   8.0001780e+00
   3.3871138e+00   4.8863518e+00
   2.5735063e+00   8.2248206e+00
   1.2684571e+00   4.8845693e+00
   4.8798379e+00   7.7495318e+00
   4.4884107e+00   9.3837974e+00
   4.0579889e+00   1.0171135e+01
   1.6900020e+00   4.5409298e+00
   5.9528739e+00   1.1575351e+01
   4.6065285e+00   9.6641842e+00
   3.4820024e+00   7.6010928e+00
   4.0396463e+00   7.6173643e+00
   3.5462106e+00   7.3244983e+00
   9.6854325e-01   5.8593993e+00
   3.5052380e+00   7.8001288e+00
   2.5600310e+00   7.3857533e+00
   2.3039649e+00   8.8549545e+00
   1.9970536e+00   1.0146470e+01
   3.0758520e+00   8.5004948e+00
   5.3133316e-01   5.8333315e+00